     3461     1699      468     1262      464     1266
      460      409      465      405      468      401
      409     1322      460      409      464      401
      409     1318      460     1266      412      457
      464     1262      464      405      409      461
      464     1258      409     1317      469      401
      464     1262      465     1257      460      410
      460      409      473     1253      460      414
      467      398      480     1247      464      410
      455      411      450      414      486      384
      409      460      465      404      465      401
      464      401      464      406      464      401
      460      409      456      414      463      402
      463      406      464      401      464      406
      485      384      413      457      464      401
      486      383      460      410      460      409
      456      414      464      401      464      401
      465      405      464     1262      468      401
      465      401      408     1318      412      457
      464      406      455      414      464     1258
      468      401      486      384      464      401
      468      397      468      401      486      388
      408      461      456      414      464      405
      464      406      408      457      413     1317
      460     1274      456      410      469      401
      464      401      464     1266      464     1258
      464     1262      485     1245      473      397
      460      409      486     1249      455      410
      464     1262      409      460      486      388
      413     1318      408      465      461      402
      411      459      462      401      460      410
      413      461      464      401      455      410
      460      410      494      384      413      456
      413      457      412      457      464      401
      465      400      490      384      408      462
      464      401      460      409      486      388
      464      405      465      400      469      397
      412      465      405      470      455      425
      389      461      408      461      486      384
      464     1262      494      384      409      461
      486      383      461      413      413      457
      408      457      464      401      460      410
      430      444      455      410      460      413
      495      383      409      462      412      457
      408      461      464      406      459      401
      486      403      394      460      465     1257
      465     1266      464      401      430      440
      408     1322      486     1240      460     1271
      468     1258      464    17041     3557     1750
      464     1262      464     1262      408      461
      464      401      430      435      460     1266
      413      457      464      401      464     1267
      463     1267      429      440      464     1266
      464      401      408      461      460     1267
      464     1257      464      406      489     1245
      465     1262      464      405      460      405
      430     1297      460      409      464      406
      434     1293      469      404      465      401
      464      401      464      406      430      435
      434      435      460      410      460      414
      460      405      464      406      459      410
      464      410      460      405      460      405
      460      410      430      439      464      406
      459      406      464      406      455      414
      456      414      464      405      460      414
      460      409      509      374      430      435
      460     1266      520      345      461      409
      520     1206      460      410      494      371
      486      384      511     1215      486      388
      486      384      520      349      496      374
      490      375      460      405      516      358
      490      375      495      375      460      405
      460      410      460     1271      489     1237
      485      384      490      376      520      349
      516     1206      494     1241      481     1245
      490     1236      490      376      489      380
      494     1232      490      380      486     1244
      526      344      460      410      515     1206
      495      375      490      379      486      384
      490      380      490      375      486      384
      511      362      465      405      460      409
      490      375      490      380      490      375
      486      384      490      380      485      384
      460      405      490      380      460      409
      491      392      481      380      486      388
      485      389      485      380      486      383
      491      375      490      379      486      380
      485      384      490      380      456     1275
      481      384      490      379      486      380
      460      409      486      380      515      358
      486      380      485      380      486      379
      490      380      485      388      486      376
      489      380      485      380      486      383
      491      379      486      383      461      409
      486      379      486     1245      486     1248
      482      380      515      350      490     1236
      486     1253      482     1236      490     1240
      512
