     3434     1721      459     1271      464     1258
      468      401      494      384      469      397
      468     1258      473      396      409      461
      464     1258      468     1262      490      384
      468     1258      464      401      469      401
      468     1258      468     1253      469      401
      465     1266      464     1262      464      405
      468      397      494     1249      482      384
      478      391      463     1263      409      464
      465      408      458      396      469      405
      469      401      460      409      464      406
      464      401      468      402      464      413
      465      396      469      397      459      414
      486      384      468      401      469      401
      464      401      486      388      468      397
      464      401      465     1262      464      405
      430      440      464      401      464      401
      465      400      460     1271      468      401
      469      397      464     1262      460      409
      469      396      469      397      464     1266
      464      406      464      401      464      401
      464      411      425      439      465      400
      464      406      408      461      469      401
      464      405      486      384      464     1258
      486     1245      468      397      456      413
      465      401      468     1258      468     1262
      465     1275      455     1258      468      405
      452      414      468     1262      464      410
      464     1257      469      401      464      405
      473     1258      408      476      454      407
      453      405      465      400      469      401
      464      397      468      401      460      410
      468      401      464      406      464      401
      413      460      469      405      460      401
      468      402      408      461      464      406
      464      405      408      461      409      461
      485      388      464      401      465      401
      412      461      465      401      460      413
      409      461      486      383      460      414
      408     1318      460      414      468      401
      465      405      494      388      464      410
      459      406      464      405      464      397
      469      401      459      414      464      401
      469      401      464      405      409      465
      464      401      468      402      468      397
      408      461      469      400      465     1262
      463     1262      465      405      464      401
      464     1257      469      405      460      401
      459      414      465    17036     3612     1695
      485     1245      408     1318      464      405
      469      401      468      397      464     1262
      464      397      460      414      408     1318
      468     1272      475      384      464     1266
      464      397      413      457      468     1258
      460     1266      468      401      460     1271
      464     1258      473      405      464      401
      413     1317      469      401      464      401
      464     1258      468      401      456      409
      469      400      460      418      460      401
      494      384      469      401      464      401
      468      401      465      400      434      436
      419      450      464      406      408      474
      464      401      418      452      408      461
      464      405      409      461      471      394
      464     1263      464      400      460      410
      468      401      465      405      464      409
      460     1262      409      461      464      396
      469     1257      465      405      455      410
      468      410      464     1278      452      397
      409      460      456      414      464      401
      468      406      460      414      464      401
      413      460      469      401      464      401
      465      400      413     1318      464     1263
      408      456      465      405      460      409
      409     1322      464     1262      464     1262
      465     1262      464      401      464      406
      464     1262      464      405      465     1261
      465      401      468      401      464     1262
      465      400      465      405      464      401
      460      414      464      401      464      406
      408      461      408      461      460      410
      460      409      464      406      464      405
      464      406      464      405      464      401
      465      405      464      405      465      405
      474      391      463      407      464      401
      460      414      408      461      464      405
      456      418      430      440      494      384
      408      462      464      405      464     1258
      434      435      465      400      460      410
      464      401      490      388      460      414
      464      397      464      414      460      405
      460      409      465      405      475      390
      468      402      464      414      463      409
      452      406      430      439      460      410
      464      409      460     1266      465     1261
      465      405      464      397      471     1255
      434      439      460      418      456      406
      464
